Mali 51.857 7.49807 1.988761628 852.914758 0.344311205195
Andorra 81.294 13.52401627 9.58190918 43977.79472 0.844641908378
SolomonIslands 68.241 9.29987 4.498297 2172.028363 0.529762379952
Madagascar 64.723 10.3 5.169435 1333.452497 0.497883474039
Montenegro 74.573 13.67583 10.59 10361.449443 0.771314826279
Algeria 74.8 13.96534 7.611 13054.30628 0.735623767135
Sweden 81.439 15.68689 11.7373536657 35837.2982048 0.903789771958
Estonia 74.441 16.5 12.006 23387.24001 0.83990081081
SaintKittsandNevis 73.569 12.9 8.39 20150.05349 0.749726330527
Eritrea 62.011 4.61739 3.41 530.6028801 0.350513778851
Jamaica 73.334 13.08724 9.634 6701.467953 0.730493758244
Mauritania 63.1 8.50027 3.77 3560.120094 0.50586720828
Belize 70 13.551 10.48802948 7613.90541 0.714982234812
BruneiDarussalam 78.8 14.52792 8.77 72570.12794 0.855615864664
SolomonIslands 67.675 9.2 4.498297 1384.56764 0.490578321228
EquatorialGuinea 53.062 8.5 5.36 21972.27391 0.555967345909
Poland 76.408 15.5 11.82433128 21487.18361 0.834217683087
Grenada 75.956 15.97349 8.552604 6981.56132864 0.74775168569
Bahrain 75.182 13.3532 9.419 19153.53332 0.79550720069
Singapore 81.126 14.4 8.8267 52569.2575396 0.866242760676
OccupiedPalestinianTerritory 73.016 13.48972 8.032028528 3359.418465 0.669590352615
CapeVerde 74.276 12.73631 3.504 3608.627961 0.586035847157
Haiti 63.102 7.6 4.895 1635.690857 0.471426801893
Timor-Leste 68.2 11.67155 4.424304 5362.516358 0.594761079064
Canada 81.134 15.13452 12.259 35368.76054 0.911154831374
DominicanRepublic 73.402 12.3 7.455116272 10844.18608 0.700154168147
Greece 80.031 16.25183 10.14218718 20510.88548 0.859576929025
DominicanRepublic 73.631 12.27615 7.164214949 8506.327615 0.701997874248
Serbia 74.665 13.60453 10.24100707 9533.390692 0.769248139938
ElSalvador 72.599 12.1 6.514523029 7240.341404 0.661609119603
Djibouti 57.937 5.07384 3.843 2334.76491197 0.429917890552
Kenya 61.6 10.98451 6.27 2761.602872 0.548409284752
Gabon 63.086 13.03052 7.5 12520.83277 0.682890943811
Tonga 72.452 13.65996 10.28285242 4153.189389 0.710450440011
Barbados 75.6 15.42006 10.45693616 12487.58331 0.785458412903
Ghana 61.4 11.50262 6.999 3852.00413 0.579090286681
Qatar 78.371 12.00556 7.2823 107721.265473 0.83094810788
Hungary 74.624 15.26881 11.673 16087.68326 0.830842950405
Kenya 61.716 11 6.27 2157.935217 0.535115580277
SriLanka 75.129 12.68349 9.2856703 5170.287838 0.714919152883
Croatia 76.64 13.90339 9.79990646129 15729.2460588 0.79554459254
Liberia 60.556 8.5 3.934 752.0008678 0.411801024074
Bhutan 67.552 12.36717 2.304 5246.133751 0.537860890826
Coted'Ivoire 51.5 8.93732 4.26 3171.289313 0.46222199695
Dominica 77.671 12.65283 7.68 9234.743302 0.716900420088
Portugal 79.945 16.3 8.245105743 24130.06783 0.822329437631
Singapore 82.322 15.4 10.2 72371.22944 0.901305854886
Liechtenstein 79.637 14.6885 10.2632 83717.4801514 0.90529760552
Benin 56.515 9.35635 3.233 1439.401274 0.436040665167
Dominica 77.763 12.65283 7.85923 9993.854762 0.723788308527
Jamaica 73.127 13.79389 9.6337 6486.92051074 0.727304809596
Coted'Ivoire 55.377 6.30065 3.3116 1386.9764398 0.399960620407
Rwanda 64.066 13.2 3.345 1403.261766 0.505723119284
Uruguay 77.2 15.50195 8.451206207 19283.48112 0.792762976855
SaoTomeandPrincipe 64.666 10.82342 4.24255 1791.83189783 0.50853150907
Mozambique 50.25 9.5 3.245 1011.037349 0.392596146384
Tanzania(UnitedRepublicof) 58.199 9.08219 5.1099 1327.85599559 0.4662005464
Nigeria 52.506 9 5.2458 5353.377057 0.503636045671
Japan 83.5 15.32633 11.52 36926.91669 0.89059321259
Malaysia 74.7 12.73096 9.964879036 22762.13945 0.779245823894
Korea(Republicof) 80.642 16.87741 11.6435 28230.4627506 0.897214078568
Italy 82.385 16.3 10.10184065 32668.98823 0.87180880694
Vanuatu 71.9 10.60407 6.793013333 2802.654751 0.593871205246
Grenada 76.118 15.81319 8.55 9257.164646 0.770466276279
Denmark 79.388 16.9 12.10144833 42880.27561 0.900460725286
AntiguaandBarbuda 75.954 13.8 8.93 18800.31725 0.774010047304
Jordan 74 13.50864 9.908419609 11365.21619 0.748328541876
Grenada 72.768 15.8 8.55 10338.91714 0.743957270564
SouthAfrica 53.377 13.10422 8.534055759 9593.664417 0.629413282028
Sudan 61.801 4.48 3.137 1847.955416 0.41359651648
Angola 51.093 9.0559 4.419704 4874.38776021 0.486445890009
Micronesia(FederatedStatesof) 68.993 11.41257 8.822061 3662.00535 0.630392716354
Paraguay 72.68 12.08158 7.703 4497.364541 0.668998920693
France 81.539 16.12015 10.5690676194 30461.7293825 0.884360966997
Denmark 80.2 18.68933 12.72938824 44025.48217 0.923327926048
Togo 57.062 9.58428 5.2664 797.546079187 0.435004471893
Latvia 74.2 15.24266 11.47896866 22280.51382 0.818766009539
Bahamas 75.4 12.56891 10.94454861 21336.42051 0.789958059512
Togo 57.53 10.58927 5.266 928.1634276 0.458928703384
Iceland 82.086 18.7 10.406 35116.45801 0.894693734033
HongKong,China(SAR) 83.031 15.49259 10.021 45598.43139 0.906260200518
Botswana 53.034 11.84299 8.858 13102.0778 0.634418320611
Algeria 73.131 13.59928 7.0382 7657.93418232 0.69762713218
Hungary 75.2 15.38815 11.63608 22915.76394 0.82835045319
Latvia 72.15 15.5 11.47896866 22185.73487 0.81047968726
Cyprus 79.591 14.70694 9.7518 24840.5575079 0.839940590814
Haiti 62.8 8.67 4.8776105 1668.713418 0.483373299263
Maldives 76.848 12.44623 5.84296738891 5275.86215575 0.661497534026
Australia 82.4 20.22107 12.96338081 42260.61295 0.934958250222
Iran(IslamicRepublicof) 72.974 12.7217 7.2519 10163.7595145 0.707428194604
Egypt 71.1 13.52824 6.55 10512.42422 0.689948655225
Iceland 81.943 18.31334 10.406 29176.35565 0.906476478334
Tunisia 74.515 14.4746 6.4773 7280.91441999 0.698482214727
Eritrea 61.597 4.83674 3.408745 535.593334543 0.349459797998
LaoPeople'sDemocraticRepublic 66.2 10.57806 5.00032 4680.085598 0.575044891482
CzechRepublic 77.844 15.34217 12.32 22066.55393 0.872564291925
Guinea-Bissau 54.291 9 2.26 1090.146613 0.395648966372
SaintKittsandNevis 73.127 12.90153 8.387379 11897.1622835 0.735352452009
SaintLucia 74.641 13.06581 8.276275 8272.5080185 0.722879329036
Greece 80.9 17.628 10.26 24524.14614 0.865187180806
Suriname 71.019 12 7.651408672 15112.77479 0.70477714041
SaintVincentandtheGrenadines 72.283 13.2468 8.621687 8013.35345512 0.71711334216
Liechtenstein 79.893 15.1 10.263 87085.08942 0.88862662534
Kyrgyzstan 70.6 12.51298 10.58696477 3044.232413 0.655273514725
Canada 81.482 15.9 12.259 41886.81626 0.901851575243
Fiji 69.245 13.01337 10.6920907824 4144.50186017 0.688045734564
Israel 81.801 15.7 12.54470158 29966.20483 0.887762596885
Ireland 80.707 18.6 11.612 33414.39805 0.899299119093
Slovakia 75.446 14.92393 11.5629 19997.6097919 0.834439395362
Kiribati 68.11 12.07678 7.812116 3140.031021 0.623603015404
Cuba 79.143 17.52209 9.8500958255 5415.504645 0.775831300731
Japan 83.58 15.3 11.49 36746.82578 0.890086070326
Pakistan 66.57 7.7 4.733353615 4651.637626 0.536534766483
SierraLeone 47.794 7.21208 2.8794 736.901924853 0.336455604197
India 65.777 10.74381 4.405 3285.003883 0.554212504895
Greece 79.915 16.47608 10.1421871814 23747.483734 0.860816377342
Austria 81.4 15.74653 10.83443082 43869.2871 0.885027260021
Montenegro 74.821 15.2 10.54 14710.23016 0.789381628877
Indonesia 69.791 12.85501 5.821 4153.80118 0.628666433917
SaintVincentandtheGrenadines 72.9 13.42416667 8.621687 9937.269491 0.720035388383
Colombia 73.703 13.6482 7.339 8315.08636692 0.709878723616
BosniaandHerzegovina 75.82 13.439 8.3262 7712.7836 0.735074486603
Nigeria 51.879 8.86495 4.96 2069.40744935 0.458569482902
Congo 62.3 11.11138 6.09 6011.708112 0.590621540612
Georgia 74.9 13.79685 12.11 7164.025639 0.75411864106
AntiguaandBarbuda 76.1 13.95383 9.2361755 20070.32342 0.783367264385
Oman 72.974 11.84408 5.53242684531 22841.077116 0.705165809867
Albania 77.392 10.8 9.255580902 9225.050846 0.71609996378
Turkmenistan 64.986 12.46407 9.87817 7306.31894279 0.685776586421
Lesotho 48.196 9.87154 5.87475222246 1664.47457169 0.449647199745
Guinea 54.538 8.82296 1.583342 941.4364219 0.355176940962
Ecuador 76.471 12.27615 7.585 9997.964884 0.71063699595
BosniaandHerzegovina 75.67 13.55773 8.67 7663.68205037 0.733293047533
Portugal 79.499 15.89067 7.7299 20572.848522 0.808677034413
Slovenia 79.591 16.8 11.89249992 26808.59812 0.874292762937
AntiguaandBarbuda 72.633 13.95419 8.93424 15521.1783068 0.764242411924
CostaRica 79.93 13.5 8.367648125 13011.71351 0.762537255894
Finland 80.148 16.93929 10.286 32510.44841 0.892477948938
Ukraine 68.808 14.75798 11.282 6428.00737 0.740395387848
Guyana 66.295 10.7 8.533 6340.802674 0.637983853324
Kazakhstan 67.017 15.10146 10.3678 10584.6684148 0.744669215586
NewZealand 81.8 19.15634 12.503 32689.36246 0.913497655649
Switzerland 82.338 15.59077 10.9702647186 39923.5541862 0.902540799066
Nicaragua 74.9 11.509 6 4456.540043 0.631432133731
SaintVincentandtheGrenadines 72.46 13.25417 8.62 9366.574375 0.733133723257
UnitedArabEmirates 77 13.33 9.4916875 60868.33005 0.835469039773
Pakistan 65.685 7.27096 4.872 2566.064537 0.5149888318
Angola 51.899 11.4 4.726362 6322.938484 0.526293238241
Netherlands 81.6 17.92333 11.88930225 45435.1166 0.921793511865