Malaysia 74.221 12.58783 9.5327 13684.7997838 0.760517336916
HongKong,China(SAR) 83.378 15.6 10.021 52383.44586 0.891128639249
SaoTomeandPrincipe 66.5 11.29208 4.658307 2918.228611 0.555003908988
TheformerYugoslavRepublicofMacedonia 75.198 13.3 8.1736 11744.85042 0.732131398723
Bahrain 76.6 14.4 9.419 38598.50765 0.823921956812
VietNam 75.4 11.92348 5.488 2969.780174 0.617313161774
Mexico 77.501 12.8 8.468326569 15854.09112 0.755830116892
Malawi 62.8 10.75378 4.29 747.3318516 0.445415564514
Samoa 72.687 12.99604 10.32 3928.326601 0.702471
Albania 76.918 11.26702 10.3798 7802.63265315 0.739123964445
Gambia 58.816 8.71167 2.785 1730.570696 0.438610804145
Libya 71.6 14.03684 7.31 14910.916 0.724464011014
Georgia 73.934 13.18143 12.11 5004.653048 0.744550086683
Philippines 68.2 11.27717 8.882855 7915.198857 0.668218345584
Afghanistan 48.673 9.09926 3.3314 1415.96848373 0.397896944966
Croatia 77.3 14.80786 11.02670097 19409.48589 0.817539869013
Lithuania 72.231 16.11184 10.905 16233.7795169 0.809540154505
Azerbaijan 70.753 11.8 11.16 15725.26565 0.747372871809
SaudiArabia 74.3 16.27418 8.695222916 52821.35798 0.837273977256
Argentina 75.901 15.7544 9.2802 14526.7017589 0.797208111159
Vanuatu 71.626 10.6 9.03 2652.399819 0.616381670908
Paraguay 72.259 11.9 7.703 7579.645768 0.675851480571
Togo 56.537 12.2 5.266 1128.740046 0.473061568315
SolomonIslands 67.852 9.10627 4.498297 1782.29408609 0.510219545159
Albania 77.063 11.43607 10.38 7822.137204 0.748625457163
TrinidadandTobago 70.4 12.34507333 10.88346335 26089.9511 0.771893819241
NewZealand 81.132 19.4 12.503 32569.37424 0.910001628506
Palau 72.412 13.7 12.18613198 12822.57978 0.774805485919
Panama 76.3 13.16089 9.389 13518.74002 0.780433656586
Ethiopia 59.274 8.54782 1.476156 970.548557248 0.362757836028
Belarus 69.928 15.7 11.5161916 16403.21534 0.785807784247
Argentina 76.3 17.94733 9.834001245 22049.59416 0.83557201823
BruneiDarussalam 78.547 14.5 8.68 70883.48 0.851822888226
SaintLucia 74.81 12.69245 8.28 7971.068689 0.724838988821
Luxembourg 81.7 13.88 11.71397591 58711.39454 0.891851626669
CzechRepublic 78.6 16.39 12.32 26660.2795 0.87009082075
Cambodia 68.4 10.90489 4.36901 2948.933581 0.554758321299
Barbados 75.37 15.4 9.36 13603.98104 0.776212433462
CzechRepublic 77.69 16.4 12.32 24534.54753 0.861342063905
Turkmenistan 65.6 10.80354 9.87817 13066.17115 0.687520517135
Samoa 73.4 12.8752102 10.31590441 5327.482686 0.702093944816
Finland 79.977 16.82663 10.2863 32437.7816046 0.882331377675
Belarus 70.349 14.6126 9.29 13439.3065505 0.756448264068
Iceland 81.804 18 10.4057 29354.172886 0.897774812056
Morocco 72.409 10.36068 4.369 4384.449666 0.590934730724
Iran(IslamicRepublicof) 74.048 15.2 7.837 13450.7 0.749349387698
Timor-Leste 62.935 11.71841 4.4222 5446.01191 0.576151994352
Kenya 57.654 11.05007 6.953 1540.880502 0.518914948667
Samoa 72.444 12.2809 10.3159044087 3930.71251886 0.688445116628
TrinidadandTobago 70.124 12.33218 9.2442 23439.0171476 0.760422143161
RussianFederation 70.1 14.68839 11.95319462 22352.04535 0.797870200858
Turkey 75.3 14.54396 7.560710907 18677.13032 0.761120293441
Mali 58 8.42596 2.04498744 1582.992166 0.419288835986
Congo 57.379 10.45026 5.8842 3065.58419897 0.532570137382
Nepal 69.094 8.9255 3.236 1136.913935 0.463047861861
Korea(Republicof) 81.9 16.87441 11.89 33890.45203 0.898334134946
Algeria 73.354 13.61503 7.611 7417.926948 0.712733324565
Mongolia 69.4 14.59402 9.28 10729.38361 0.726620588837
Korea(Republicof) 80.738 17.15501 11.644 28231.44622 0.908503574362
Tonga 72.317 13.67573 10.2828524242 4186.41917235 0.70394183878
Morocco 72.15 10.30138 4.3688 4196.30672272 0.581698037819
Ireland 80.557 18 11.6121 29322.2251654 0.908089883083
Gambia 58.818 9.1 2.785 1557.311006 0.440714961099
Bolivia(PlurinationalStateof) 66.933 13.48427 9.205 4444.461574 0.67467834126
Ethiopia 63.635 8.5 2.412325859 1302.644336 0.435139449354
Estonia 76.8 16.48454 12.48 25214 0.860835015351
SierraLeone 50.9 8.5733775 3.06 1780.360219 0.412779426554
Iraq 69.596 10.04127 5.562 3557.394359 0.589559105298
Suriname 70.798 12.38534 7.23 7326.657753 0.683651062605
Switzerland 82.468 15.65262 10.97026472 40526.67147 0.912921949689
Estonia 74.825 15.72584 12.0062 16799.3918968 0.834514956185
Germany 80.56 16.41072 12.209 35431.47083 0.920098307863
Liberia 60.9 9.5 4.09 804.9491373 0.429695109002
SouthAfrica 57.4 13.55794 9.943231583 12122.31676 0.665879394316
Sudan 61.452 4.37145 3.1373 1893.99830532 0.408126051297
Lesotho 49.8 11.14094 5.874752222 3305.904662 0.49653214869
SierraLeone 45.561 7.506 2.88 1815.102108 0.374281840156
Nicaragua 74.839 10.5 5.767 4266.002933 0.613987189691
Tajikistan 69.4 11.24404 10.35582 2517.402532 0.624455504948
ElSalvador 72.196 12.11175 7.543 5924.70370707 0.674303636156
Palau 72.686 13.67372 12.32727758 13495.87476 0.780181064655
Romania 73.979 14.88899 10.436 11045.7483672 0.781124659885
Grenada 73.4 15.80328 8.552604 10939.006 0.749993179599
Armenia 74.378 12.15708 10.791 5540.088999 0.728770113406
SaintKittsandNevis 73.347 12.88138 8.39 12460.47955 0.745443314823
Slovakia 75.647 14.71561 11.563 19695.92173 0.840431928614
Mauritius 73.54 13.59777 7.181 13300.10828 0.737115370249
Chad 49.893 7.40026 1.508891 1258.096858 0.339567548134
Coted'Ivoire 50.722 8.9 4.26 2774.273906 0.451993972928
Cameroon 52.133 10.8728 5.907 2114.279194 0.49546972553
Armenia 74.561 12.3 10.791 7952.35235 0.730092606076
Guinea 56.112 8.7 1.583342 1141.856896 0.391868518986
Gambia 60.2 8.76932 2.82 1507.327346 0.440649497388
Oman 76.8 13.63765 7.997653484 34857.71384 0.793019477069
Mexico 76.8 13.06026 8.468326569 16055.96891 0.756207911552
Mozambique 50.239 9.18125 1.2051 898.136880357 0.321540130624
TheformerYugoslavRepublicofMacedonia 75.4 13.35395 9.2592 11780.04468 0.747252859937
Italy 81.855 16.32714 10.1018406465 26483.5047314 0.873846766143
Uruguay 77.18 15.54532 8.451485111 13332.99005 0.791790861015
CapeVerde 75.093 13.2 3.504 6364.831563 0.635861571715
Samoa 73.156 12.8752102 10.32 4707.905865 0.693724092184
Spain 81.64 16.43122 10.38246996 25946.60238 0.884827917793
Norway 81.251 17.46961 12.631 48687.85221 0.955202335432
Peru 74.194 13.21301 8.658 9305.827163 0.740928770163
Bangladesh 71.6 9.97506 5.073080011 3191.497765 0.570099974405
Bangladesh 69.244 8.13901 4.772 1785.401646 0.515418052266
SyrianArabRepublic 69.6 12.27013 6.25 2728.221373 0.593720561402
Jamaica 75.7 12.35561 9.67 7414.602613 0.718529601921
Nicaragua 74.29 10.83415 5.767 2551.015333 0.599227214918
Lesotho 49.446 11.1 5.874752222 2797.8904 0.486202124997
Guyana 69.927 11.94759 7.9587 3191.89573833 0.633181814907
Spain 82.1 17.1 9.58190918 30561.46907 0.868910783796
Philippines 69.03 11.67724 8.882855 3751.511806 0.654358256713
Angola 51.498 10.22156 4.726362 4812.17819 0.508235931442
VietNam 75.181 10.37551 5.4879 2805.08935439 0.593461054561
AntiguaandBarbuda 72.774 13.27026 8.93 13883.03618 0.759847877568
Burundi 50.411 10.46036 2.6859 367.692297539 0.316154080715
Denmark 78.826 16.89969 11.3643887769 34347.3543305 0.894910912942
Lesotho 48.749 9.6163 5.874752222 1879.434705 0.461238644909
SriLanka 74.293 13.6 10.8 9249.908281 0.74973468941
Liberia 56.786 11.00708 3.9341 265.046388026 0.328735233338
Libya 74.989 16.20091 7.263 13764.91659 0.768980031137
LibyanArabJamahiriya 74.788 16.59002 7.2625 12636.6269007 0.759530224894
Benin 59.6 11.06991 3.3 1766.947029 0.479635110401
Iran(IslamicRepublicof) 73.21 14.35451 7.837 10695.25313 0.741800939277
Romania 74.182 14.52434 10.436 11010.68778 0.785937099616
SaintVincentandtheGrenadines 72.488 13.3 8.62 10339.02207 0.718941609182
Belgium 80.048 16.39191 10.86875064 33428.52878 0.896733025391
OccupiedPalestinianTerritory 72.832 12.74953 8.03202852782 2656.21735525 0.641492055703
Uganda 59.209 10.8 5.36 1335.149468 0.483509659427
Mauritius 73.613 15.6 8.542904854 16776.89988 0.771001932697
Turkmenistan 65.452 12.57986 9.87817 11533.11142 0.698208835803
Djibouti 61.801 6.4 3.843 3108.91 0.467419308755
India 65.438 10.34774 4.4002 3468.26814291 0.547040050659
Mauritania 58.582 8.06334 3.7351 1859.10198644 0.453344630478
Madagascar 65.1 10.34581 6.046865 1328.268516 0.509865579019
Congo(DemocraticRepublicofthe) 48.712 8.50675 3.47 319.2237886 0.303761793975
Afghanistan 60.947 9.3 3.21 1903.656673 0.467886421127
Gabon 64.4 12.49507 7.7998665 16366.92848 0.683512931952
Mexico 76.954 13.94229 8.5157 13244.6710205 0.770005793681
Slovenia 79.341 16.8947 11.6064639416 24914.4874072 0.883809164364
Timor-Leste 62.475 11.23881 2.761761 3004.55206732 0.494926837959
Cambodia 63.55 10.52317 5.772 2094.934295 0.542692007759
Finland 80.535 17 10.286 37366.06616 0.879024287079
Kiribati 68.905 12.3 7.81 2644.660142 0.607389496097
Comoros 61.061 10.68746 2.845926 1078.69470384 0.432833616381
Guinea 58.8 8.70075 2.417763 1095.756085 0.411281627404
UnitedArabEmirates 76.7 11.967 8.863 42715.90116 0.818085446187
Malta 79.75 14.5 9.892807007 27022.18358 0.828909442851
Iraq 69.4 10.08247 6.38 14003.21961 0.653860838996
Guatemala 71.8 10.69 5.599730015 6929.192667 0.62720878789
SyrianArabRepublic 75.85 11.27003 5.69277293652 4242.66634024 0.631990867645
Andorra 81.054 11.67192 10.382 33918.06096 0.84631564915
Cameroon 55.065 10.4 5.907 2556.702988 0.504376676765
Kiribati 66 12.31989 7.812116 2433.506834 0.590236957413
Uzbekistan 68.241 11.5 9.95 5227.367023 0.661000639914
Bulgaria 73.556 13.98317 10.56554948 11474.06262 0.781832657324
VietNam 75.945 11.9 5.488 4892.405215 0.63801654518
SriLanka 74.9 13.71335 10.8 9778.605247 0.756658910948
Ukraine 68.494 14.70717 11.2817 6174.88695767 0.729218012528
Indonesia 69.366 13.18389 5.8209 3715.53633384 0.617436598191
Kyrgyzstan 67.714 12.46738 9.2716 2036.33648665 0.61514250113
Moldova(Republicof) 68.899 11.8 9.77 5041.197518 0.662747308969
PapuaNewGuinea 63.149 5.81143 3.906 2386.201982 0.465626159694
Finland 80.8 17.06943 10.286 38694.76981 0.882727786825
Venezuela(BolivarianRepublicof) 74.586 14.37501 7.603899665 11475.28987 0.748283069091
Sweden 81.591 15.9778 11.73735367 36142.65925 0.916179437332
Cuba 79.289 16.20944 10.203 5538.665056 0.779589063194
Chile 79.955 15.1 9.786924362 20804.03058 0.821583889803
Sweden 82.2 15.81512 12.09518337 45635.50431 0.906816460157
Namibia 64.483 11.3 6.189 9185.470395 0.624087958603
Kyrgyzstan 68.039 12.60377 9.272 2008.519257 0.622448758415
Netherlands 80.843 16.85702 11.64350129 37281.99824 0.921019188727
Congo(DemocraticRepublicofthe) 49.963 9.7 3.07 443.9577823 0.337920072859
Myanmar 65.684 9.35323 3.883 1816.551431 0.498087381014
Cuba 79.262 14.5 10.203 19844.09546 0.814962921323
Luxembourg 80.547 13.9 11.27999799 58694.71929 0.88092072782
Barbados 77.007 16.34115 9.341 17307.90429 0.82518281868
Netherlands 81.038 17.9 11.88930225 42397.20095 0.915282799302
Croatia 76.808 14.11068 9.799906461 15418.9006 0.804655023823
Bahamas 75.858 12.56891 8.45 27401.19413 0.793799222768
SaudiArabia 74.116 14.30883 7.778 22615.85499 0.782480875192
Ecuador 75.9 14.17201 7.585 10604.89264 0.731674443062
Germany 80.9 16.45695 13.06677702 43918.53597 0.916079907699
Ecuador 75.632 13.98387 7.585 7589.48710987 0.720139435866
SaintKittsandNevis 73.77 12.87516 8.387379 20804.81384 0.751862282033
BurkinaFaso 55.439 6.27644 1.251 1141.40449353 0.331423290409
DominicanRepublic 73.5 13.08336 7.56 11882.70471 0.7150284721
Kazakhstan 69.4 15.02347 11.42 20867.35416 0.787982452162
Kuwait 74.4 14.746555 7.206958294 83960.61817 0.816271767577
Gambia 58.491 9.01276 2.7853 1282.43832221 0.419986134264
Maldives 77.919 12.7 5.842967389 10073.96951 0.69791283866
Paraguay 72.9 11.91154 7.703 7643.371463 0.679164355633
Nepal 69.6 12.35305 3.31 2311.257043 0.547536524936
Mexico 77.148 13.74121 8.516 12946.97613 0.774959314234
Philippines 68.749 11.86914 8.88285499962 3477.51791166 0.644296285154
EquatorialGuinea 51.389 7.88687 5.36 21715.24691 0.5539467428
Seychelles 73.187 11.6 9.4112 24631.83112 0.756439951606
Djibouti 58.324 5.74942 3.843 2350.207546 0.444858598422
Congo 58.793 11.1 6.09 4909.366999 0.564090850955
Palestine,Stateof 73.203 13.2 8.874298096 5167.85 0.686215795177
SaudiArabia 73.911 13.7329 7.7775 23273.8913915 0.770358985219
SouthAfrica 56.916 13.10422 9.943231583 11787.90857 0.657753750742
Portugal 79.707 16.00682 7.73 19906.86161 0.816446913123
NewZealand 80.654 18 12.5093 23737.1790712 0.908364866982
Swaziland 48.718 10.5554 7.1224 4483.89267287 0.522416565545
Lithuania 73.3 16.38875 12.38313007 24500.31387 0.839421883128
Nigeria 52.326 8.97684 5.2458 2102.124003 0.471137881187
Peru 74.6 13.0655 9.013469696 11015.23763 0.734203129104
Yemen 65.493 8.64599 2.4951 2212.77278488 0.461857681038
Mozambique 55.1 9.28123 3.245 1123.435974 0.416427561173
Honduras 73.1 11.10111 5.482227802 3937.700893 0.606054607561
Uzbekistan 68.287 11.44661 9.95 2967.4349987 0.640730987321
Kazakhstan 66.536 15 10.368 19440.651 0.757371246425
Poland 76.292 15.1531 9.951 17776.33968 0.821460275047
Bolivia(PlurinationalStateof) 67.26 13.2 9.205 5551.943638 0.667281963239
Georgia 73.737 13.0993 12.11 4780.41110774 0.73314366748
France 82.2 16.00167 11.13314915 38056.35627 0.888107436523
Mongolia 68.498 14.11281 8.3104 3391.25110026 0.65316155358
CostaRica 79.311 11.72793 8.3495 10497.2204198 0.743638247067
CaboVerde 73.3 13.4652 4.683459 6094.183166 0.646240272543
Egypt 73.451 12.09826 6.403 5400.651475 0.662290518745
Senegal 59.318 7.4855 4.451 1708.20593467 0.459430134815
Tajikistan 67.248 11.2 9.85 2424.389758 0.607179310799
Sweden 81.818 15.8 11.73735 43201.3531 0.897818201916
EquatorialGuinea 51.088 7.66871 5.364 17608.1261344 0.537435608818
Montenegro 76.2 15.17869 11.15878201 14558.13363 0.80220100681
TrinidadandTobago 69.865 12.3 10.75962067 25325.05924 0.765823205107
Pakistan 65.437 6.87943 4.8718 2549.69714 0.504310304662
Kuwait 74.694 14.16982 6.102 52792.63518 0.790262649546
Ecuador 75.804 13.66976 7.585 7471.328233 0.723952603897
Moldova(Republicof) 69.317 11.93317 9.6811 3058.49922396 0.648703503441
CostaRica 79.4 13.86196 8.367648125 13413.37683 0.7657469047
Rwanda 55.442 11.12971 3.3454 1132.60604825 0.42913571813
Luxembourg 79.963 13.27466 10.0934 50556.6221205 0.866503886518
NewZealand 80.788 19.66644 12.503 24357.69086 0.918843228515
BurkinaFaso 55.854 6.88274 1.251 1201.663318 0.343389276024
Guyana 66.4 10.29144 8.533 6521.655155 0.63571574929
Malta 79.839 15.09544 9.93 21183.89049 0.846882479726
Ukraine 71 15.14135 11.34 8178.067935 0.747005221413
Haiti 62.377 7.6 4.895 1069.503878 0.455995795349
CapeVerde 74.156 11.62708 3.504169 3401.71330889 0.568317986383
UnitedStates 79.1 16.48 12.94252883 52946.51344 0.91495935396
HongKong,China(SAR) 84 15.59681 11.16091728 53959.40794 0.909951869585
Turkey 73.979 11.8138 6.4748 12246.4780953 0.699139948966
Maldives 76.8 12.95338167 5.842967389 12328.39411 0.706365291699
Tonga 72.673 14.7 9.36 5315.734288 0.704959221218
Thailand 74.401 13.1 7.322291851 13364.30058 0.721925686592
CentralAfricanRepublic 49.105 6.77027 3.536 721.5050683 0.3518606208
Zimbabwe 59.871 9.3 7.248 1307.407815 0.491976442582
Rwanda 55.737 10.94498 3.345 1147.200056 0.43386320663
Palestine,Stateof 72.9 13.00348 8.874298096 4699.154381 0.677492608722
Malawi 55.311 10.8 4.19 714.9372353 0.414021003531
Bhutan 69.5 12.62022 3.01 7175.502908 0.605184587949
Senegal 59.632 8.18002 4.451 1653.165424 0.470034372847
Mauritius 73.373 13.60887 7.1811 12918.2140086 0.728218279863
HongKong,China(SAR) 82.759 15.73329 10.0209 44805.322673 0.898069322047
Ghana 64.228 10.47812 7.0907 1583.8191833 0.541246347068
Norway 81.6 17.49259 12.631 64992.34046 0.943877280023
Dominica 77.574 12.65283 7.68 10976.97799 0.744566577968
Seychelles 73.58 13.33899 9.4112 16728.9093383 0.773478182151
Argentina 76.305 16.4 9.83 17296.70106 0.808304171318
Eritrea 62.852 4.1 3.41 1146.887028 0.380951041711
Malta 80.6 14.40634 10.33 27930.29827 0.838978340089
Ireland 80.731 18.30952 11.612 28671.16892 0.916192995894
Netherlands 80.734 16.76235 11.6435012886 36402.2394289 0.909912675728
Latvia 73.339 14.9619 11.4789686576 14292.9824973 0.805309471427
Lithuania 72.11 16.7 12.38313007 23740.30577 0.83428562562
SyrianArabRepublic 75.995 11.6804 5.692772937 4673.504328 0.647709297703
Guatemala 72.099 10.7 5.599730015 6865.966339 0.628080107457
RussianFederation 68.823 14.08942 9.831 14561.0007779 0.755319150927
Namibia 62.465 11.62321 7.3654 6206.42757687 0.625058017782
Greece 80.77 16.5 10.15965652 24657.99309 0.852664377642
Iran(IslamicRepublicof) 75.4 15.09423 8.17 15439.80435 0.765590711027
Venezuela(BolivarianRepublicof) 74.633 14.2 8.641145183 17066.61958 0.763665244178
Ghana 64.572 11.41779 6.999 1683.772436 0.558443970326
Guinea 54.097 8.61679 1.583342 863.330781931 0.344471812555
Benin 56.081 9.22305 3.2546 1363.62834899 0.426831994662
Armenia 74.241 12.04792 10.7911 5187.66648507 0.716418479176
Turkey 74.205 12.85666 6.475 13710.46104 0.722223719552
Thailand 74.126 12.25424 6.5583 7694.15348979 0.682050815443
Congo(DemocraticRepublicofthe) 58.7 9.75 6.01 680.4713129 0.433135353947
UnitedKingdom 80.17 16.1344 9.2665 33296.0516708 0.863279114554
Georgia 74.301 13.2 12.11 6889.517878 0.743770121026
Honduras 73.402 11.44169 6.502 3425.564052 0.631604426203
Nicaragua 74.044 10.77191 5.7673 2430.48644235 0.589283982717
UnitedStates 78.941 16.5 12.94277621 52308.37954 0.913741642744
Mauritania 58.922 8.06795 3.735 2173.649498 0.466978923656
Malaysia 75.017 12.7 9.533 21823.93071 0.77290704141
Suriname 71.1 12.6909 7.651408672 15617.28475 0.714286152213
Belgium 80.8 16.33158 11.27326393 41187 0.890262992237
Armenia 74.7 12.31785 10.87 8123.557691 0.732982583045
Honduras 73.817 11.6 5.482227802 4137.64773 0.617192789497
Malta 79.634 14.40997 9.931 21460.3693028 0.832344698409
Sudan 63.5 6.99558 3.137 3808.887883 0.479113119607
PapuaNewGuinea 62.791 5.81143 4.3357 2271.05553946 0.465687195452
Yemen 65.904 8.736 2.495 1820.224806 0.458294023957
Bolivia(PlurinationalStateof) 68.3 13.15285 8.153532982 5760.078771 0.661830764208
Germany 80.414 15.88263 12.2085 34854.3206128 0.905090521422
Myanmar 65.9 8.627 4.09 4607.674937 0.535560677621
Nepal 68.41 12.4 3.236 2193.984199 0.539641597238
Tunisia 74.8 14.62357 6.837558 10404.49747 0.721191132101
Bhutan 67.185 11.0194 2.304 5292.6341691 0.521797296999
Senegal 66.5 7.94567 2.476672553 2188.114331 0.465889126881
BruneiDarussalam 78.005 14.11204 8.5693 45753.2367386 0.837921636594
Poland 76.126 15.28792 9.9505 17450.5692091 0.813321137084
Bhutan 68.294 12.4 2.304 6774.893464 0.584131601981
Coted'Ivoire 56.043 6.4509 4.205 1592.884359 0.431672101993
ElSalvador 72.412 12.00599 7.543 5914.683195 0.680417031137
Serbia 74.059 13.6 9.53 11300.90393 0.744722189298
Philippines 68.703 11.3 8.88 6381.437787 0.659529959131
Namibia 62.59 11.26852 6.189 5972.951762 0.608376516593
Comoros 60.874 12.8 2.845926 1504.873586 0.487702549691
TrinidadandTobago 70.336 11.86015 9.244 21941.08865 0.760489632137
Niger 54.675 4.92639 1.4377 640.539858769 0.295499655672
Italy 83.1 16.04201 10.10184065 33030.22947 0.873022984103
Uruguay 77.23 15.5 8.451206207 18108.10801 0.78970996056
Japan 83.57 15.29525 11.59530383 32544.69554 0.911836588506
Ireland 80.9 18.56885 12.2 39568.12085 0.915541561984
France 81.81 16 11.13314915 36628.78463 0.884325552004
CostaRica 79.434 13.68772886 8.35 10862.51556 0.772552288789
Botswana 53.183 12.16662 8.8993 13049.116794 0.632671558269
UnitedKingdom 80.7 16.18306 13.0544459 39267.19081 0.906698191736
Italy 81.966 16.18456 10.10184065 26157.73306 0.880552294951
Dominica 77.477 13.16075 7.68091502211 7888.67015783 0.724344667058
Qatar 78.369 13.8 9.070602417 119029.1156 0.850742672708
Spain 82.6 17.34512 9.58190918 32044.86286 0.876124307433
Belarus 71.3 15.66023 11.97681 16676.09012 0.798366517893
Swaziland 48.912 10.74902 7.122 5104.252305 0.536006838347
Fiji 69.81 15.7 9.91218949 7213.84955 0.724081793763
Liechtenstein 79.765 11.8843 10.263 84879.91372 0.883241340537
VietNam 75.8 11.9 7.45 5091.794902 0.665717350217
Swaziland 49 11.33191 7.122 5542.26692 0.530633150455
Bangladesh 68.944 8.13901 4.7718 1529.38823622 0.500339606157
Slovenia 80.4 16.80578 11.89249992 27852.1462 0.88028084035
Belgium 80.009 16.11176 10.8687506443 33357.0076279 0.885627890992
Comoros 61.48 10.20505 2.845926 985.6705233 0.429405931801
Egypt 73.235 11.03875 6.4028 5269.22218394 0.644039788356
Guinea-Bissau 55.2 9.0491 2.832866333 1362.353835 0.419605069663
Afghanistan 49.077 8.14706 3.138 999.806123 0.374201558912
Singapore 83 15.4 10.63 76628.2002 0.911797820009
Zambia 60.1 13.5 6.6 3734.033348 0.585509863262
Timor-Leste 67.538 11.7 4.4222 9673.607124 0.620243040525
Peru 74.826 13.1 9.013469696 11279.87665 0.736804543525
Palau 72.125 13.68564 12.18613 11462.95148 0.790561647817
Bahamas 75.62 12.00667 8.45396885967 23029.2386404 0.771335878113
UnitedStates 78.531 15.96256 12.4452 43017.000437 0.90985830754
Burundi 56.7 10.10505 2.686 758.1799101 0.39992832853
Comoros 63.3 11.49734 4.601552 1455.776688 0.503183524423
Botswana 64.5 12.49301 8.87 16646.22538 0.697918742658
Singapore 81.249 14.4 10.1 52613.41132 0.894788855646
Panama 77.6 13.27974 9.347121239 18191.98793 0.77967759709
China 75.331 12.9 7.54 11477.1475 0.719080606817
Fiji 70 15.7 9.91218949 7492.511041 0.727135774476
Zimbabwe 57.5 10.85084 7.25 1615.454099 0.508747385576
BosniaandHerzegovina 76.37 13.6 8.3262129 9430.779378 0.73080661552
Thailand 74.293 12.29425 6.558 7722.106784 0.689656554841
Korea(Republicof) 81.535 17 11.7686224 30345.34975 0.890669323936
Bahamas 75.237 12.56891 10.94454861 21414.27291 0.78936116186
Guinea-Bissau 48.555 9.52229 2.26 1042.469541 0.363596400639
Colombia 74.038 13.2 7.066672325 11526.52767 0.710733782958
Hungary 74.62 15.4 11.31347971 21239.12836 0.818057626051
Tajikistan 67.811 11.54941 9.816 2119.295042 0.621993740581
Luxembourg 80.109 13.48447 10.093 48285.37766 0.875384182416
LaoPeople'sDemocraticRepublic 68.309 10.2 4.576 4351.26639 0.569420082082
Eritrea 63.7 4.1 3.859551 1130.174331 0.390899023336
Oman 76.552 13.6 6.765040165 42191.36 0.782571501098
Lebanon 72.64 13.75392 7.91728370821 13076.3418814 0.738674542135
Ukraine 68.525 15.1 11.282 8214.532022 0.734021021262
Algeria 71 14 7.611 12554.57199 0.716646184567
Austria 81.137 15.6 10.83443082 42929.64065 0.881209839263
Qatar 78.499 12.24453 7.282 87477.87051 0.833584765386
Cyprus 79.763 14.87349 9.752 23825.40353 0.848007476749
France 81.68 16.13581 10.56906762 30276.67379 0.893086526742
Iraq 69.419 10.1 5.58 14007.31916 0.642164271688
Indonesia 70.833 12.7 7.51074791 8970.34953 0.684258402186
Chile 79.252 14.71759 9.742 14986.89362 0.819422456631
Angola 52.3 11.39 4.726362 6821.686568 0.531591421824
Slovakia 75.397 15 11.563 25336.06827 0.829877297245
Switzerland 82.604 15.7 12.23934293 53761.91815 0.917394316934
Vanuatu 71.292 10.56883 6.68 3959.547201 0.626089170026
Qatar 78.2 13.78672 9.070602417 123124.3596 0.849768364568
Kuwait 74.576 12.30396 6.1018 47925.8776162 0.760272015549
Serbia 74.522 13.71654 10.2410070691 10235.7568807 0.766486825569
Colombia 73.908 13.59907 7.339 8710.800402 0.719458819529
Norway 81.503 17.6 12.631 63909.44669 0.94359758071
Micronesia(FederatedStatesof) 69.161 11.41257 8.822061 3352.165525 0.644880041454
Afghanistan 60.4 9.27439 3.23 1885.32907 0.465264260208
UnitedStates 78.685 16.76138 13.27 43479.9705 0.937142347235
SaoTomeandPrincipe 66.337 11.3 4.658307 3110.651729 0.557917681981
Australia 82.027 19.61613 12.038 34340.4666 0.937984570202
DominicanRepublic 73.396 11.93605 7.16421494937 8087.44731999 0.688644635369
Kazakhstan 67.364 15.2807 10.368 10451.16384 0.754232689064
Uzbekistan 68.4 11.51169 10.85709007 5567.011781 0.675466117267
Bulgaria 73.371 13.69452 10.565549482 11411.6065278 0.770760886878
Uruguay 77.005 15.5103 8.45148511057 13241.8332297 0.783039513385
Brazil 74.5 15.19340264 7.66 15174.96721 0.755291955806
PapuaNewGuinea 62.6 9.8997375 3.95 2462.837872 0.505259362104
Slovakia 76.3 15.06322 12.22690128 25845.28246 0.843572119094
SaintLucia 74.804 12.8 8.28 9250.975792 0.714106139223
Estonia 75.013 15.82117 12.006 17402.29782 0.846009833758
Canada 81.012 15.95105 12.1216 35165.9024454 0.908096323713
ElSalvador 73 12.25576 6.514523029 7349.48103 0.665784288497
Panama 77.556 12.4 9.389 16379.0044 0.765362295282
Tunisia 74.688 14.50945 6.477 8102.858405 0.711816916149
Botswana 64.385 11.7 8.82 14791.94638 0.6832984009
Yemen 63.112 9.2 2.51 3945.179736 0.499870712199
Argentina 76.069 16.10228 9.28 15346.92285 0.811316984443
Guatemala 71.418 10.66248 4.065 4234.51282 0.581159703849
Australia 81.907 18 12.0377 34430.6028846 0.928884726718
PapuaNewGuinea 62.421 8.86 3.906 2452.981328 0.491468372175
Norway 81.097 17.31272 12.6313 47557.0990297 0.943001086536
CzechRepublic 77.685 15.62103 12.3199 21404.8347079 0.864701973893
Zimbabwe 51.384 9.9422 7.248 376.216681056 0.375977023961
Jordan 73.54 12.65316 8.647 5272.048943 0.700495141694
Belarus 70.607 14.66001 11.51619 13385.35771 0.792866919966
Poland 77.4 15.46559 11.82433128 23176.79665 0.842677827911
Slovenia 79.494 16.85651 11.705 23998.95772 0.891683092942
SolomonIslands 67.9 9.23701 5.044133924 1539.972952 0.505637417174
Lebanon 79.3 13.7537 7.917283708 16509.27721 0.768897837279
Nigeria 52.8 8.98858 5.94666 5341.109794 0.514024001422
Rwanda 64.2 10.27419 3.737537622 1458.039371 0.483240523686
Austria 80.854 15.30646 10.8344308223 35719.4131967 0.885177302021
RussianFederation 67.979 14 11.732 22616.57529 0.778302805226
Turkmenistan 65.163 12.57986 9.87817 7782.423787 0.697511261819
Bahrain 76.608 14.4 9.419 32072.13 0.815328887982
Israel 81.618 15.53516 11.9138 25849.3189364 0.888365794312
Kiribati 68.368 12.037 7.81 3079.192861 0.628950803561
Tanzania(UnitedRepublicof) 61.53 9.2 5.11 1702.121924 0.488409589697
Mali 55.032 8.6 1.988761628 1499.38227 0.406704462681
Cameroon 55.5 10.39801 5.96 2803.413068 0.511806528139
Nepal 68.795 8.83515 3.2356 1159.7753845 0.458310921306
Colombia 74 13.54554 7.349983663 12040.24866 0.720170399972
Tonga 72.8 14.7 10.71 5069.128017 0.717040728787
Mongolia 67.503 15 8.31 8465.761389 0.697880500519
Romania 74.7 14.2108 10.77712727 18107.95704 0.792797419962
Burundi 54.104 10.1 2.686 749.1103073 0.389443495128
Moldova(Republicof) 69.629 11.84503 9.681 3318.899926 0.660474461933
Vanuatu 71.017 10.36736 6.675034 3949.85331641 0.617017954097
Tunisia 75.873 14.6 6.477 10439.70226 0.721174357452
Uganda 54.116 10.77916 4.718 1124.01215917 0.445849319393
Mozambique 50.719 9.19658 1.205 905.8620341 0.326745965049
Sudan 62.055 7.25 3.137 3428.122773 0.472802704527
Belize 73.882 13.7 9.25 9363.832904 0.731598826635
BurkinaFaso 56.344 7.5 1.251 1601.505151 0.388355142864
Mauritania 61.55 8.2 3.735 2988.146241 0.487081957844